3 2  8.807060350464663

4  8.814258606483872
1 2  8.593596439936562
3 1  8.765122874425662
2 4  8.763331418118627
4  8.806979265983415
3 1  8.671746498822491
1 3  8.331887473040288
2 2  8.539521187557883
4 5  8.732754680949174
1  8.55985495824074
5 5  8.918068279495115
5 4  8.398568801169025
4 1  8.957299222166125
3 1  8.372003027231202
2 1  8.606515037692512
3 2  8.82803876500168
1 3  8.69652406768934
1  8.880963556977553
3 3  8.636526049516267
5 3  8.331536846424502
4 1  8.427514923492017
4 1  8.627332045075942
4  8.539788122803484
5 2  8.642387554002891
2  8.639771508473963
2  8.998410500264052
3 1  8.971117436348331
5  8.593953170183616
4 4  8.666683604613555
1 2  8.64488384349483
2 3  8.623579103379766
2 5  8.648444261620782
4 1  9.006218301784449
3 1  8.436785369324424
2 5  8.556940333878291
4 2  8.613581010296796
2 2  9.39713218721141
4 3  8.376883644912244
1  8.810752995568444
3 4  8.792028160544536
4  8.490543400369802
4 3  8.855101746963415
2 4  8.643508061429372
5  8.738904354759063
5  9.342374124396802
5 1  8.55763606156704
2 4  8.792759534705379
1  8.691388820182933
2  8.7933477188984
3 3  8.57578711253531
5 3  8.339036052659829
1 1  8.464847427779667
5  8.862566753573082
2 3  9.028168016215131
4 3  8.58096037254774
2 5  8.574406813674456
3 2  8.676717281316872
5 4  8.648136044983755
3 2  8.637923601763195
3 3  8.306472685957997
2 3  8.653227262060643
5 5  8.79936271090165
4 3  8.469085195180806
2 3  8.646880811973185
2 4  8.743985087144535
1 1  8.628908746325473
2 3  8.671749804409492
5  8.940778258091282
1 2  8.419005690661876
1 5  8.527048103137583
3 1  8.560291470543907
3 4  8.35788396937516
2 2  8.54077538572912
3 3  8.942997723809665
1  8.698499806079107
3 5  8.5873123603706
5 2  8.866887453247562
5  8.545260235623541
3  8.626535273440286
3 4  8.49855876422696
1  8.512299499224124
5 4  8.57567705762164
3 2  8.61219875561944
2 1  8.705754377715825
4 4  8.834252242359323
4 2  8.495169551996092
4 2  8.728145017760799
5 2  8.338332536608826
2 4  8.536958872719044
3  8.817487928749351
1 1  8.663165074002917
2 1  8.806500190513576
4 2  9.004885297007899
2 2  8.476091902233227
3 3  8.514034226703483
5 4  8.43517008149487
3 4  8.852752047810249
3 5  8.785700133943873
1 2  8.61996772343929
3 3  8.500031616367384
3 1  8.298596276133434
4 2  8.404555000198577
3  8.764990901820717
4  8.697492734967222
4  8.453499907871358
1 2  8.464988504851949
1 3  8.562157720669658
2 4  8.615997301345404
5 5  8.776005231632496
2 1  8.634755185760088
1 3  8.552270128677378
1  8.508561518568603
5 3  8.81659854041027
5  9.069553993992947
3 4  8.598893641650953
5  8.788121919278476
1 4  8.595264521155576
2 1  8.54023609181981
5  8.61588789018145
1 5  8.905102495012557
3 5  8.65494180345228
5 3  8.870888239779209
5 1  8.675894660421635
1 3  8.686850975352343
1 5  8.619799956826121
5 5  8.563502355103994
5 3  8.556854503190186
3 4  8.80091786622888
4 1  8.739796053459262
1  8.740261853475886
2 4  8.484803099915727
1 1  8.748670391937967
2 2  8.91286727878153
3 1  8.637419357221699
4 3  8.577360379658542
5  8.793532803023961
2 5  8.598942568138849
1  9.007050674619826
2 3  8.516046877643763
5  8.626042465288219
4 1  8.548497908062151
5  8.98499574268086
5 3  8.311565961067725
4 2  8.705373795122718
5  8.881821978668372
1  8.693369551298261
1 1  8.739704834971946
4 3  8.760236808337073
2 3  8.452695302151394
2 3  8.660004917925702
1  8.424270037308906
4 3  8.48565856540246
4 4  8.538234621785794
1 1  8.714803868158215
3  8.479178055769392
5  8.924126287922505
2 2  8.621107182321476
5  8.668348632421626
4 2  8.812461682706553
1 2  8.500418110286468
5 3  8.745815390133513
3 3  8.820502904907048
5 5  8.751293934146801
5 4  8.591855892095554
1  8.804105441410028
4 4  8.680335811569387
3 1  8.808804563207426
2  8.81433415942816
4 5  8.76412770077389
3 3  8.594664745356607
4  8.820953564723775
3 3  8.658429186158584
4 3  8.496641680667235
2 2  8.45915976294528
2 1  8.452763924611286
5 5  8.978208453835146
3 4  8.361383003887909
2 5  8.968284440740911
1 2  8.697010561615581
1 4  8.785185617298563
4 5  8.558945282796401
2 2  8.714749390662352
4  8.8184988309107
2 1  8.422403785824017
5 5  8.797213261326405
5 2  8.611157446080691
3 2  8.605192269568125
4 3  8.632613720979329
4 1  8.419652374910044
4  8.858029017598646
2 4  8.60244018546462
3 5  8.577190904428466
4 3  8.722847480073238
2  8.85076526444461
3 3  8.583224546894503
2 1  8.685836934839648
3 3  8.816314703063577
1 2  8.512084883706695
3 2  8.551587277699689
5  8.76430309898241
5  8.932580972235092
4 4  8.963208207077825
4 4  8.496229043870597
4 5  8.843572876580211
2  8.759258268144796
5 1  8.633365692289972
4 2  8.583475481356771
3 2  8.811940656376308
3 2  8.854906414835524
4 4  8.905495672725667
3 1  8.704375411042324
1  8.665745423786342
2 1  9.008013477540162
4  8.538938552407354
5 5  8.530758301634899
4 3  8.730127152871152
1 5  8.730839323393152
4  8.494119305461535
3  8.59765995011399
2 3  8.631826562883301
1  8.618142063084006
3 1  8.626906428602783
5 2  9.604426819396792
2 1  8.575409777082948
2 4  8.515151014298661
3 2  8.864251741018306
4 5  8.53345757644721
1  8.761992153686663
5  8.786495026159994
5 4  8.775226961570358
2  8.681751520119636
4 4  8.604564137635164
4 4  8.758258421737533
5  8.46417895929863
5 3  8.750979533598445
5 3  8.849930544952068
1 4  8.714858979037835
3  8.863926906141016
3 1  8.670130702370093
5  8.786554368432597
4 4  8.767947677353927
5 2  8.52656429876264
5  8.749323846489547
4 5  8.864502612470911
2 2  8.75794448357286
4 3  8.667346756119755
2  8.48714712066043
3 5  8.744223977320605
5 1  8.74116085674532
5 1  8.527478538592991
4 3  8.542387366072997
4 5  8.713154562388606
5 3  8.754350054597513
2 4  8.582996176103878
3 4  8.71501564019455
5 3  8.714024032352542
3 3  8.546979900443342
5  8.607293321512405
3  8.347632307181724
3 3  8.481199222698217
5 5  8.662041659586215
1 4  8.678958123726183
5 4  8.75633683394273
2 3  8.642772171336249
4  8.537384138472893
5 2  8.535023365847692
4 2  8.58102237327688
4  8.459223009780462
4 3  8.656827277291274
5 2  8.635671823059864
2  8.895863021125585
5 4  8.696552156542296
4 3  8.8557450921724
1 2  9.72839489393675
5  8.755243787517683
5 5  8.543733031625722
2  8.871415469763377
2  9.003809761790674
5 1  8.464742435795724
4 3  8.69387483035777
2 3  8.577892077412212
3  8.813349136131794
2 4  8.599270569468084
5 2  9.092368003130183
3 4  8.56571984613739
2 5  8.472601326168613
5 1  8.710829683742086
5 5  8.577000749636621
1  8.542541072560304
4 5  8.472094464950718
1 5  8.616033434063906
5 1  8.706372752051596
5  8.394303193059248
4 5  8.293072543779335
3 3  8.420344233253918
3 4  8.580481768383825
3 5  8.464650348446423
5  8.502912241649074
2 2  8.5399388043112
3  8.506284872648354
1  8.75725567291369
2 5  8.642851974635358
2 2  8.450944853461845
3 4  8.68655162493262
2 1  8.925022026888348
1 3  8.9598882553281
4  8.837659765406046
5 4  8.769310769685069
5 5  8.622108743164182
2  8.874361811566299
3 1  8.584926640501331
1  8.667972974079838
3 3  8.483949354922942
3  8.292497623401667
